(kicad_pcb (version 20171130) (host pcbnew 5.1.12-84ad8e8a86~92~ubuntu18.04.1)

  (general
    (thickness 1.6)
    (drawings 20)
    (tracks 800)
    (zones 0)
    (modules 30)
    (nets 34)
  )

  (page A4)
  (layers
    (0 F.Cu signal)
    (31 B.Cu signal)
    (32 B.Adhes user)
    (33 F.Adhes user)
    (34 B.Paste user)
    (35 F.Paste user)
    (36 B.SilkS user)
    (37 F.SilkS user)
    (38 B.Mask user)
    (39 F.Mask user)
    (40 Dwgs.User user)
    (41 Cmts.User user)
    (42 Eco1.User user)
    (43 Eco2.User user)
    (44 Edge.Cuts user)
    (45 Margin user)
    (46 B.CrtYd user)
    (47 F.CrtYd user)
    (48 B.Fab user)
    (49 F.Fab user)
  )

  (setup
    (last_trace_width 0.25)
    (user_trace_width 0.16)
    (user_trace_width 0.2)
    (user_trace_width 0.3)
    (user_trace_width 0.35)
    (trace_clearance 0.2)
    (zone_clearance 0.508)
    (zone_45_only no)
    (trace_min 0.16)
    (via_size 0.8)
    (via_drill 0.4)
    (via_min_size 0.4)
    (via_min_drill 0.3)
    (uvia_size 0.3)
    (uvia_drill 0.1)
    (uvias_allowed no)
    (uvia_min_size 0.2)
    (uvia_min_drill 0.1)
    (edge_width 0.05)
    (segment_width 0.2)
    (pcb_text_width 0.3)
    (pcb_text_size 1.5 1.5)
    (mod_edge_width 0.12)
    (mod_text_size 1 1)
    (mod_text_width 0.15)
    (pad_size 0.975 0.95)
    (pad_drill 0)
    (pad_to_mask_clearance 0)
    (aux_axis_origin 0 0)
    (visible_elements FFFFFF7F)
    (pcbplotparams
      (layerselection 0x010f0_ffffffff)
      (usegerberextensions false)
      (usegerberattributes true)
      (usegerberadvancedattributes true)
      (creategerberjobfile true)
      (excludeedgelayer true)
      (linewidth 0.100000)
      (plotframeref false)
      (viasonmask false)
      (mode 1)
      (useauxorigin false)
      (hpglpennumber 1)
      (hpglpenspeed 20)
      (hpglpendiameter 15.000000)
      (psnegative false)
      (psa4output false)
      (plotreference true)
      (plotvalue true)
      (plotinvisibletext false)
      (padsonsilk false)
      (subtractmaskfromsilk false)
      (outputformat 1)
      (mirror false)
      (drillshape 0)
      (scaleselection 1)
      (outputdirectory "Prod/V1B/"))
  )

  (net 0 "")
  (net 1 GND)
  (net 2 /CSI_nRST_1V8)
  (net 3 /CSI_PWDN_1V8)
  (net 4 +5V)
  (net 5 /TRIGGER)
  (net 6 /CSI_MCLK_1V8)
  (net 7 /I2C_SDA_1V8)
  (net 8 /I2C_SCL_1V8)
  (net 9 +3V3)
  (net 10 "Net-(J2-Pad13)")
  (net 11 "Net-(J2-Pad10)")
  (net 12 /CSI_CLK_P)
  (net 13 /CSI_CLK_N)
  (net 14 /CSI_D1_P)
  (net 15 /CSI_D1_N)
  (net 16 /CSI_D0_P)
  (net 17 /CSI_D0_N)
  (net 18 /CSI_D3_N)
  (net 19 /CSI_D3_P)
  (net 20 /CSI_D2_N)
  (net 21 /CSI_D2_P)
  (net 22 "Net-(C2-Pad1)")
  (net 23 +1V8)
  (net 24 "Net-(R1-Pad1)")
  (net 25 "Net-(J2-Pad7)")
  (net 26 /I2C_SDA_3V3)
  (net 27 /I2C_SCL_3V3)
  (net 28 /MCLK_JETSON)
  (net 29 /CSI_GPIO_3V3)
  (net 30 "Net-(Q1-Pad2)")
  (net 31 /MCLK_OSC)
  (net 32 "Net-(R5-Pad2)")
  (net 33 "Net-(R11-Pad2)")

  (net_class Default "This is the default net class."
    (clearance 0.2)
    (trace_width 0.25)
    (via_dia 0.8)
    (via_drill 0.4)
    (uvia_dia 0.3)
    (uvia_drill 0.1)
    (add_net +1V8)
    (add_net +3V3)
    (add_net +5V)
    (add_net /CSI_CLK_N)
    (add_net /CSI_CLK_P)
    (add_net /CSI_D0_N)
    (add_net /CSI_D0_P)
    (add_net /CSI_D1_N)
    (add_net /CSI_D1_P)
    (add_net /CSI_D2_N)
    (add_net /CSI_D2_P)
    (add_net /CSI_D3_N)
    (add_net /CSI_D3_P)
    (add_net /CSI_GPIO_3V3)
    (add_net /CSI_MCLK_1V8)
    (add_net /CSI_PWDN_1V8)
    (add_net /CSI_nRST_1V8)
    (add_net /I2C_SCL_1V8)
    (add_net /I2C_SCL_3V3)
    (add_net /I2C_SDA_1V8)
    (add_net /I2C_SDA_3V3)
    (add_net /MCLK_JETSON)
    (add_net /MCLK_OSC)
    (add_net /TRIGGER)
    (add_net GND)
    (add_net "Net-(C2-Pad1)")
    (add_net "Net-(J2-Pad10)")
    (add_net "Net-(J2-Pad13)")
    (add_net "Net-(J2-Pad7)")
    (add_net "Net-(Q1-Pad2)")
    (add_net "Net-(R1-Pad1)")
    (add_net "Net-(R11-Pad2)")
    (add_net "Net-(R5-Pad2)")
  )

  (module Resistor_SMD:R_0603_1608Metric_Pad0.98x0.95mm_HandSolder (layer F.Cu) (tedit 5F68FEEE) (tstamp 653257E5)
    (at 131.0132 102.0572)
    (descr "Resistor SMD 0603 (1608 Metric), square (rectangular) end terminal, IPC_7351 nominal with elongated pad for handsoldering. (Body size source: IPC-SM-782 page 72, https://www.pcb-3d.com/wordpress/wp-content/uploads/ipc-sm-782a_amendment_1_and_2.pdf), generated with kicad-footprint-generator")
    (tags "resistor handsolder")
    (path /655895EC)
    (attr smd)
    (fp_text reference R10 (at 0 -1.43 -180) (layer F.SilkS)
      (effects (font (size 1 1) (thickness 0.15)))
    )
    (fp_text value 10K (at 0 1.43 -180) (layer F.Fab)
      (effects (font (size 1 1) (thickness 0.15)))
    )
    (fp_line (start -0.8 0.4125) (end -0.8 -0.4125) (layer F.Fab) (width 0.1))
    (fp_line (start -0.8 -0.4125) (end 0.8 -0.4125) (layer F.Fab) (width 0.1))
    (fp_line (start 0.8 -0.4125) (end 0.8 0.4125) (layer F.Fab) (width 0.1))
    (fp_line (start 0.8 0.4125) (end -0.8 0.4125) (layer F.Fab) (width 0.1))
    (fp_line (start -0.254724 -0.5225) (end 0.254724 -0.5225) (layer F.SilkS) (width 0.12))
    (fp_line (start -0.254724 0.5225) (end 0.254724 0.5225) (layer F.SilkS) (width 0.12))
    (fp_line (start -1.65 0.73) (end -1.65 -0.73) (layer F.CrtYd) (width 0.05))
    (fp_line (start -1.65 -0.73) (end 1.65 -0.73) (layer F.CrtYd) (width 0.05))
    (fp_line (start 1.65 -0.73) (end 1.65 0.73) (layer F.CrtYd) (width 0.05))
    (fp_line (start 1.65 0.73) (end -1.65 0.73) (layer F.CrtYd) (width 0.05))
    (fp_text user %R (at 0 0 -180) (layer F.Fab)
      (effects (font (size 0.4 0.4) (thickness 0.06)))
    )
    (pad 2 smd roundrect (at 0.9125 0) (size 0.975 0.95) (layers F.Cu F.Paste F.Mask) (roundrect_rratio 0.25)
      (net 3 /CSI_PWDN_1V8))
    (pad 1 smd roundrect (at -0.9125 0) (size 0.975 0.95) (layers F.Cu F.Paste F.Mask) (roundrect_rratio 0.25)
      (net 23 +1V8))
    (model ${KISYS3DMOD}/Resistor_SMD.3dshapes/R_0603_1608Metric.wrl
      (at (xyz 0 0 0))
      (scale (xyz 1 1 1))
      (rotate (xyz 0 0 0))
    )
  )

  (module Resistor_SMD:R_0603_1608Metric_Pad0.98x0.95mm_HandSolder (layer B.Cu) (tedit 5F68FEEE) (tstamp 65320766)
    (at 126.9492 102.9716)
    (descr "Resistor SMD 0603 (1608 Metric), square (rectangular) end terminal, IPC_7351 nominal with elongated pad for handsoldering. (Body size source: IPC-SM-782 page 72, https://www.pcb-3d.com/wordpress/wp-content/uploads/ipc-sm-782a_amendment_1_and_2.pdf), generated with kicad-footprint-generator")
    (tags "resistor handsolder")
    (path /6553D3E3)
    (attr smd)
    (fp_text reference R9 (at 0 1.43) (layer B.SilkS)
      (effects (font (size 1 1) (thickness 0.15)) (justify mirror))
    )
    (fp_text value 0 (at 0 -1.43) (layer B.Fab)
      (effects (font (size 1 1) (thickness 0.15)) (justify mirror))
    )
    (fp_line (start -0.8 -0.4125) (end -0.8 0.4125) (layer B.Fab) (width 0.1))
    (fp_line (start -0.8 0.4125) (end 0.8 0.4125) (layer B.Fab) (width 0.1))
    (fp_line (start 0.8 0.4125) (end 0.8 -0.4125) (layer B.Fab) (width 0.1))
    (fp_line (start 0.8 -0.4125) (end -0.8 -0.4125) (layer B.Fab) (width 0.1))
    (fp_line (start -0.254724 0.5225) (end 0.254724 0.5225) (layer B.SilkS) (width 0.12))
    (fp_line (start -0.254724 -0.5225) (end 0.254724 -0.5225) (layer B.SilkS) (width 0.12))
    (fp_line (start -1.65 -0.73) (end -1.65 0.73) (layer B.CrtYd) (width 0.05))
    (fp_line (start -1.65 0.73) (end 1.65 0.73) (layer B.CrtYd) (width 0.05))
    (fp_line (start 1.65 0.73) (end 1.65 -0.73) (layer B.CrtYd) (width 0.05))
    (fp_line (start 1.65 -0.73) (end -1.65 -0.73) (layer B.CrtYd) (width 0.05))
    (fp_text user %R (at 0 0) (layer B.Fab)
      (effects (font (size 0.4 0.4) (thickness 0.06)) (justify mirror))
    )
    (pad 2 smd roundrect (at 0.9125 0) (size 0.975 0.95) (layers B.Cu B.Paste B.Mask) (roundrect_rratio 0.25)
      (net 30 "Net-(Q1-Pad2)"))
    (pad 1 smd roundrect (at -0.9125 0) (size 0.975 0.95) (layers B.Cu B.Paste B.Mask) (roundrect_rratio 0.25)
      (net 2 /CSI_nRST_1V8))
    (model ${KISYS3DMOD}/Resistor_SMD.3dshapes/R_0603_1608Metric.wrl
      (at (xyz 0 0 0))
      (scale (xyz 1 1 1))
      (rotate (xyz 0 0 0))
    )
  )

  (module Resistor_SMD:R_0603_1608Metric_Pad0.98x0.95mm_HandSolder (layer B.Cu) (tedit 5F68FEEE) (tstamp 6531F4D1)
    (at 126.9492 101.346 180)
    (descr "Resistor SMD 0603 (1608 Metric), square (rectangular) end terminal, IPC_7351 nominal with elongated pad for handsoldering. (Body size source: IPC-SM-782 page 72, https://www.pcb-3d.com/wordpress/wp-content/uploads/ipc-sm-782a_amendment_1_and_2.pdf), generated with kicad-footprint-generator")
    (tags "resistor handsolder")
    (path /65508815)
    (attr smd)
    (fp_text reference R8 (at 0 1.43) (layer B.SilkS)
      (effects (font (size 1 1) (thickness 0.15)) (justify mirror))
    )
    (fp_text value 0 (at 0 -1.43) (layer B.Fab)
      (effects (font (size 1 1) (thickness 0.15)) (justify mirror))
    )
    (fp_line (start 1.65 -0.73) (end -1.65 -0.73) (layer B.CrtYd) (width 0.05))
    (fp_line (start 1.65 0.73) (end 1.65 -0.73) (layer B.CrtYd) (width 0.05))
    (fp_line (start -1.65 0.73) (end 1.65 0.73) (layer B.CrtYd) (width 0.05))
    (fp_line (start -1.65 -0.73) (end -1.65 0.73) (layer B.CrtYd) (width 0.05))
    (fp_line (start -0.254724 -0.5225) (end 0.254724 -0.5225) (layer B.SilkS) (width 0.12))
    (fp_line (start -0.254724 0.5225) (end 0.254724 0.5225) (layer B.SilkS) (width 0.12))
    (fp_line (start 0.8 -0.4125) (end -0.8 -0.4125) (layer B.Fab) (width 0.1))
    (fp_line (start 0.8 0.4125) (end 0.8 -0.4125) (layer B.Fab) (width 0.1))
    (fp_line (start -0.8 0.4125) (end 0.8 0.4125) (layer B.Fab) (width 0.1))
    (fp_line (start -0.8 -0.4125) (end -0.8 0.4125) (layer B.Fab) (width 0.1))
    (fp_text user %R (at 0 0) (layer B.Fab)
      (effects (font (size 0.4 0.4) (thickness 0.06)) (justify mirror))
    )
    (pad 1 smd roundrect (at -0.9125 0 180) (size 0.975 0.95) (layers B.Cu B.Paste B.Mask) (roundrect_rratio 0.25)
      (net 3 /CSI_PWDN_1V8))
    (pad 2 smd roundrect (at 0.9125 0 180) (size 0.975 0.95) (layers B.Cu B.Paste B.Mask) (roundrect_rratio 0.25)
      (net 30 "Net-(Q1-Pad2)"))
    (model ${KISYS3DMOD}/Resistor_SMD.3dshapes/R_0603_1608Metric.wrl
      (at (xyz 0 0 0))
      (scale (xyz 1 1 1))
      (rotate (xyz 0 0 0))
    )
  )

  (module Resistor_SMD:R_0603_1608Metric_Pad0.98x0.95mm_HandSolder (layer F.Cu) (tedit 5F68FEEE) (tstamp 652FA7BD)
    (at 119.9896 103.886 270)
    (descr "Resistor SMD 0603 (1608 Metric), square (rectangular) end terminal, IPC_7351 nominal with elongated pad for handsoldering. (Body size source: IPC-SM-782 page 72, https://www.pcb-3d.com/wordpress/wp-content/uploads/ipc-sm-782a_amendment_1_and_2.pdf), generated with kicad-footprint-generator")
    (tags "resistor handsolder")
    (path /654CC6F1)
    (attr smd)
    (fp_text reference R5 (at -2.6416 0 90) (layer F.SilkS)
      (effects (font (size 1 1) (thickness 0.15)))
    )
    (fp_text value 10K (at 0 1.43 90) (layer F.Fab)
      (effects (font (size 1 1) (thickness 0.15)))
    )
    (fp_line (start 1.65 0.73) (end -1.65 0.73) (layer F.CrtYd) (width 0.05))
    (fp_line (start 1.65 -0.73) (end 1.65 0.73) (layer F.CrtYd) (width 0.05))
    (fp_line (start -1.65 -0.73) (end 1.65 -0.73) (layer F.CrtYd) (width 0.05))
    (fp_line (start -1.65 0.73) (end -1.65 -0.73) (layer F.CrtYd) (width 0.05))
    (fp_line (start -0.254724 0.5225) (end 0.254724 0.5225) (layer F.SilkS) (width 0.12))
    (fp_line (start -0.254724 -0.5225) (end 0.254724 -0.5225) (layer F.SilkS) (width 0.12))
    (fp_line (start 0.8 0.4125) (end -0.8 0.4125) (layer F.Fab) (width 0.1))
    (fp_line (start 0.8 -0.4125) (end 0.8 0.4125) (layer F.Fab) (width 0.1))
    (fp_line (start -0.8 -0.4125) (end 0.8 -0.4125) (layer F.Fab) (width 0.1))
    (fp_line (start -0.8 0.4125) (end -0.8 -0.4125) (layer F.Fab) (width 0.1))
    (fp_text user %R (at 0 0 90) (layer F.Fab)
      (effects (font (size 0.4 0.4) (thickness 0.06)))
    )
    (pad 2 smd roundrect (at 0.9125 0 270) (size 0.975 0.95) (layers F.Cu F.Paste F.Mask) (roundrect_rratio 0.25)
      (net 32 "Net-(R5-Pad2)"))
    (pad 1 smd roundrect (at -0.9125 0 270) (size 0.975 0.95) (layers F.Cu F.Paste F.Mask) (roundrect_rratio 0.25)
      (net 9 +3V3))
    (model ${KISYS3DMOD}/Resistor_SMD.3dshapes/R_0603_1608Metric.wrl
      (at (xyz 0 0 0))
      (scale (xyz 1 1 1))
      (rotate (xyz 0 0 0))
    )
  )

  (module Jumper:SolderJumper-2_P1.3mm_Open_RoundedPad1.0x1.5mm (layer F.Cu) (tedit 5B391E66) (tstamp 64FC444F)
    (at 119.9896 107.2896 90)
    (descr "SMD Solder Jumper, 1x1.5mm, rounded Pads, 0.3mm gap, open")
    (tags "solder jumper open")
    (path /64FF5E74)
    (attr virtual)
    (fp_text reference JP1 (at 0 -2.032 90) (layer F.SilkS)
      (effects (font (size 1 1) (thickness 0.15)))
    )
    (fp_text value Jumper_3V3 (at -1.8796 -1.9304 90) (layer F.Fab) hide
      (effects (font (size 1 1) (thickness 0.15)))
    )
    (fp_line (start -1.4 0.3) (end -1.4 -0.3) (layer F.SilkS) (width 0.12))
    (fp_line (start 0.7 1) (end -0.7 1) (layer F.SilkS) (width 0.12))
    (fp_line (start 1.4 -0.3) (end 1.4 0.3) (layer F.SilkS) (width 0.12))
    (fp_line (start -0.7 -1) (end 0.7 -1) (layer F.SilkS) (width 0.12))
    (fp_line (start -1.65 -1.25) (end 1.65 -1.25) (layer F.CrtYd) (width 0.05))
    (fp_line (start -1.65 -1.25) (end -1.65 1.25) (layer F.CrtYd) (width 0.05))
    (fp_line (start 1.65 1.25) (end 1.65 -1.25) (layer F.CrtYd) (width 0.05))
    (fp_line (start 1.65 1.25) (end -1.65 1.25) (layer F.CrtYd) (width 0.05))
    (fp_arc (start -0.7 -0.3) (end -0.7 -1) (angle -90) (layer F.SilkS) (width 0.12))
    (fp_arc (start -0.7 0.3) (end -1.4 0.3) (angle -90) (layer F.SilkS) (width 0.12))
    (fp_arc (start 0.7 0.3) (end 0.7 1) (angle -90) (layer F.SilkS) (width 0.12))
    (fp_arc (start 0.7 -0.3) (end 1.4 -0.3) (angle -90) (layer F.SilkS) (width 0.12))
    (pad 2 smd custom (at 0.65 0 90) (size 1 0.5) (layers F.Cu F.Mask)
      (net 9 +3V3) (zone_connect 2)
      (options (clearance outline) (anchor rect))
      (primitives
        (gr_circle (center 0 0.25) (end 0.5 0.25) (width 0))
        (gr_circle (center 0 -0.25) (end 0.5 -0.25) (width 0))
        (gr_poly (pts
           (xy 0 -0.75) (xy -0.5 -0.75) (xy -0.5 0.75) (xy 0 0.75)) (width 0))
      ))
    (pad 1 smd custom (at -0.65 0 90) (size 1 0.5) (layers F.Cu F.Mask)
      (net 4 +5V) (zone_connect 2)
      (options (clearance outline) (anchor rect))
      (primitives
        (gr_circle (center 0 0.25) (end 0.5 0.25) (width 0))
        (gr_circle (center 0 -0.25) (end 0.5 -0.25) (width 0))
        (gr_poly (pts
           (xy 0 -0.75) (xy 0.5 -0.75) (xy 0.5 0.75) (xy 0 0.75)) (width 0))
      ))
  )

  (module footprints:MIC5259-2.8YD5-TR (layer F.Cu) (tedit 0) (tstamp 64FD40A2)
    (at 125.4252 108.458)
    (path /651599B8)
    (fp_text reference U1 (at 0 2.6416) (layer F.SilkS)
      (effects (font (size 1 1) (thickness 0.15)))
    )
    (fp_text value MIC5259-1.8YD5-TR (at 0 0) (layer F.SilkS) hide
      (effects (font (size 1 1) (thickness 0.15)))
    )
    (fp_line (start -0.8001 -0.696) (end -0.8001 -1.204) (layer F.Fab) (width 0.1))
    (fp_line (start -0.8001 -1.204) (end -1.397 -1.204) (layer F.Fab) (width 0.1))
    (fp_line (start -1.397 -1.204) (end -1.397 -0.696) (layer F.Fab) (width 0.1))
    (fp_line (start -1.397 -0.696) (end -0.8001 -0.696) (layer F.Fab) (width 0.1))
    (fp_line (start -0.8001 0.254) (end -0.8001 -0.254) (layer F.Fab) (width 0.1))
    (fp_line (start -0.8001 -0.254) (end -1.397 -0.254) (layer F.Fab) (width 0.1))
    (fp_line (start -1.397 -0.254) (end -1.397 0.254) (layer F.Fab) (width 0.1))
    (fp_line (start -1.397 0.254) (end -0.8001 0.254) (layer F.Fab) (width 0.1))
    (fp_line (start -0.8001 1.204) (end -0.8001 0.696) (layer F.Fab) (width 0.1))
    (fp_line (start -0.8001 0.696) (end -1.397 0.696) (layer F.Fab) (width 0.1))
    (fp_line (start -1.397 0.696) (end -1.397 1.204) (layer F.Fab) (width 0.1))
    (fp_line (start -1.397 1.204) (end -0.8001 1.204) (layer F.Fab) (width 0.1))
    (fp_line (start 0.8001 0.696) (end 0.8001 1.204) (layer F.Fab) (width 0.1))
    (fp_line (start 0.8001 1.204) (end 1.397 1.204) (layer F.Fab) (width 0.1))
    (fp_line (start 1.397 1.204) (end 1.397 0.696) (layer F.Fab) (width 0.1))
    (fp_line (start 1.397 0.696) (end 0.8001 0.696) (layer F.Fab) (width 0.1))
    (fp_line (start 0.8001 -1.204) (end 0.8001 -0.696) (layer F.Fab) (width 0.1))
    (fp_line (start 0.8001 -0.696) (end 1.397 -0.696) (layer F.Fab) (width 0.1))
    (fp_line (start 1.397 -0.696) (end 1.397 -1.204) (layer F.Fab) (width 0.1))
    (fp_line (start 1.397 -1.204) (end 0.8001 -1.204) (layer F.Fab) (width 0.1))
    (fp_line (start -1.0541 1.7018) (end -1.0541 1.331) (layer F.CrtYd) (width 0.05))
    (fp_line (start -1.0541 1.331) (end -1.905 1.331) (layer F.CrtYd) (width 0.05))
    (fp_line (start -1.905 1.331) (end -1.905 -1.331) (layer F.CrtYd) (width 0.05))
    (fp_line (start -1.905 -1.331) (end -1.0541 -1.331) (layer F.CrtYd) (width 0.05))
    (fp_line (start -1.0541 -1.331) (end -1.0541 -1.7018) (layer F.CrtYd) (width 0.05))
    (fp_line (start -1.0541 -1.7018) (end 1.0541 -1.7018) (layer F.CrtYd) (width 0.05))
    (fp_line (start 1.0541 -1.7018) (end 1.0541 -1.331) (layer F.CrtYd) (width 0.05))
    (fp_line (start 1.0541 -1.331) (end 1.905 -1.331) (layer F.CrtYd) (width 0.05))
    (fp_line (start 1.905 -1.331) (end 1.905 1.331) (layer F.CrtYd) (width 0.05))
    (fp_line (start 1.905 1.331) (end 1.0541 1.331) (layer F.CrtYd) (width 0.05))
    (fp_line (start 1.0541 1.331) (end 1.0541 1.7018) (layer F.CrtYd) (width 0.05))
    (fp_line (start 1.0541 1.7018) (end -1.0541 1.7018) (layer F.CrtYd) (width 0.05))
    (fp_line (start -0.8001 0) (end -0.8001 -3.7338) (layer Cmts.User) (width 0.1))
    (fp_line (start 0.8001 0) (end 0.8001 -3.7338) (layer Cmts.User) (width 0.1))
    (fp_line (start -0.8001 -3.3528) (end -2.0701 -3.3528) (layer Cmts.User) (width 0.1))
    (fp_line (start 0.8001 -3.3528) (end 2.0701 -3.3528) (layer Cmts.User) (width 0.1))
    (fp_line (start -0.8001 -3.3528) (end -1.0541 -3.4798) (layer Cmts.User) (width 0.1))
    (fp_line (start -0.8001 -3.3528) (end -1.0541 -3.2258) (layer Cmts.User) (width 0.1))
    (fp_line (start -1.0541 -3.4798) (end -1.0541 -3.2258) (layer Cmts.User) (width 0.1))
    (fp_line (start 0.8001 -3.3528) (end 1.0541 -3.4798) (layer Cmts.User) (width 0.1))
    (fp_line (start 0.8001 -3.3528) (end 1.0541 -3.2258) (layer Cmts.User) (width 0.1))
    (fp_line (start 1.0541 -3.4798) (end 1.0541 -3.2258) (layer Cmts.User) (width 0.1))
    (fp_line (start -1.397 0) (end -1.397 -5.6388) (layer Cmts.User) (width 0.1))
    (fp_line (start 1.397 0) (end 1.397 -5.6388) (layer Cmts.User) (width 0.1))
    (fp_line (start -1.397 -5.2578) (end -2.667 -5.2578) (layer Cmts.User) (width 0.1))
    (fp_line (start 1.397 -5.2578) (end 2.667 -5.2578) (layer Cmts.User) (width 0.1))
    (fp_line (start -1.397 -5.2578) (end -1.651 -5.3848) (layer Cmts.User) (width 0.1))
    (fp_line (start -1.397 -5.2578) (end -1.651 -5.1308) (layer Cmts.User) (width 0.1))
    (fp_line (start -1.651 -5.3848) (end -1.651 -5.1308) (layer Cmts.User) (width 0.1))
    (fp_line (start 1.397 -5.2578) (end 1.651 -5.3848) (layer Cmts.User) (width 0.1))
    (fp_line (start 1.397 -5.2578) (end 1.651 -5.1308) (layer Cmts.User) (width 0.1))
    (fp_line (start 1.651 -5.3848) (end 1.651 -5.1308) (layer Cmts.User) (width 0.1))
    (fp_line (start 0 -1.4478) (end 8.8011 -1.4478) (layer Cmts.User) (width 0.1))
    (fp_line (start 0 1.4478) (end 8.8011 1.4478) (layer Cmts.User) (width 0.1))
    (fp_line (start 8.4201 -1.4478) (end 8.4201 -2.7178) (layer Cmts.User) (width 0.1))
    (fp_line (start 8.4201 1.4478) (end 8.4201 2.7178) (layer Cmts.User) (width 0.1))
    (fp_line (start 8.4201 -1.4478) (end 8.2931 -1.7018) (layer Cmts.User) (width 0.1))
    (fp_line (start 8.4201 -1.4478) (end 8.5471 -1.7018) (layer Cmts.User) (width 0.1))
    (fp_line (start 8.2931 -1.7018) (end 8.5471 -1.7018) (layer Cmts.User) (width 0.1))
    (fp_line (start 8.4201 1.4478) (end 8.2931 1.7018) (layer Cmts.User) (width 0.1))
    (fp_line (start 8.4201 1.4478) (end 8.5471 1.7018) (layer Cmts.User) (width 0.1))
    (fp_line (start 8.2931 1.7018) (end 8.5471 1.7018) (layer Cmts.User) (width 0.1))
    (fp_line (start -1.27635 -0.95) (end -4.19735 -0.95) (layer Cmts.User) (width 0.1))
    (fp_line (start -1.27635 0) (end -4.19735 0) (layer Cmts.User) (width 0.1))
    (fp_line (start -3.81635 -0.95) (end -3.81635 -2.22) (layer Cmts.User) (width 0.1))
    (fp_line (start -3.81635 0) (end -3.81635 1.27) (layer Cmts.User) (width 0.1))
    (fp_line (start -3.81635 -0.95) (end -3.94335 -1.204) (layer Cmts.User) (width 0.1))
    (fp_line (start -3.81635 -0.95) (end -3.68935 -1.204) (layer Cmts.User) (width 0.1))
    (fp_line (start -3.94335 -1.204) (end -3.68935 -1.204) (layer Cmts.User) (width 0.1))
    (fp_line (start -3.81635 0) (end -3.94335 0.254) (layer Cmts.User) (width 0.1))
    (fp_line (start -3.81635 0) (end -3.68935 0.254) (layer Cmts.User) (width 0.1))
    (fp_line (start -3.94335 0.254) (end -3.68935 0.254) (layer Cmts.User) (width 0.1))
    (fp_line (start 1.27635 -0.95) (end 4.19735 -0.95) (layer Cmts.User) (width 0.1))
    (fp_line (start 1.27635 0.95) (end 4.19735 0.95) (layer Cmts.User) (width 0.1))
    (fp_line (start 3.81635 -0.95) (end 3.81635 -2.22) (layer Cmts.User) (width 0.1))
    (fp_line (start 3.81635 0.95) (end 3.81635 2.22) (layer Cmts.User) (width 0.1))
    (fp_line (start 3.81635 -0.95) (end 3.68935 -1.204) (layer Cmts.User) (width 0.1))
    (fp_line (start 3.81635 -0.95) (end 3.94335 -1.204) (layer Cmts.User) (width 0.1))
    (fp_line (start 3.68935 -1.204) (end 3.94335 -1.204) (layer Cmts.User) (width 0.1))
    (fp_line (start 3.81635 0.95) (end 3.68935 1.204) (layer Cmts.User) (width 0.1))
    (fp_line (start 3.81635 0.95) (end 3.94335 1.204) (layer Cmts.User) (width 0.1))
    (fp_line (start 3.68935 1.204) (end 3.94335 1.204) (layer Cmts.User) (width 0.1))
    (fp_line (start -1.397 0) (end -1.397 3.7338) (layer Cmts.User) (width 0.1))
    (fp_line (start -0.889 0) (end -0.889 3.7338) (layer Cmts.User) (width 0.1))
    (fp_line (start -1.397 3.3528) (end -2.667 3.3528) (layer Cmts.User) (width 0.1))
    (fp_line (start -0.889 3.3528) (end 0.381 3.3528) (layer Cmts.User) (width 0.1))
    (fp_line (start -1.397 3.3528) (end -1.651 3.2258) (layer Cmts.User) (width 0.1))
    (fp_line (start -1.397 3.3528) (end -1.651 3.4798) (layer Cmts.User) (width 0.1))
    (fp_line (start -1.651 3.2258) (end -1.651 3.4798) (layer Cmts.User) (width 0.1))
    (fp_line (start -0.889 3.3528) (end -0.635 3.2258) (layer Cmts.User) (width 0.1))
    (fp_line (start -0.889 3.3528) (end -0.635 3.4798) (layer Cmts.User) (width 0.1))
    (fp_line (start -0.635 3.2258) (end -0.635 3.4798) (layer Cmts.User) (width 0.1))
    (fp_line (start -0.9271 1.5748) (end 0.9271 1.5748) (layer F.SilkS) (width 0.12))
    (fp_line (start 0.9271 0.363261) (end 0.9271 -0.363261) (layer F.SilkS) (width 0.12))
    (fp_line (start 0.9271 -1.5748) (end -0.9271 -1.5748) (layer F.SilkS) (width 0.12))
    (fp_line (start -0.8001 1.4478) (end 0.8001 1.4478) (layer F.Fab) (width 0.1))
    (fp_line (start 0.8001 1.4478) (end 0.8001 -1.4478) (layer F.Fab) (width 0.1))
    (fp_line (start 0.8001 -1.4478) (end -0.8001 -1.4478) (layer F.Fab) (width 0.1))
    (fp_line (start -0.8001 -1.4478) (end -0.8001 1.4478) (layer F.Fab) (width 0.1))
    (fp_line (start -1.0541 1.7018) (end -1.0541 1.331) (layer F.CrtYd) (width 0.05))
    (fp_line (start -1.0541 1.331) (end -1.905 1.331) (layer F.CrtYd) (width 0.05))
    (fp_line (start -1.905 1.331) (end -1.905 -1.331) (layer F.CrtYd) (width 0.05))
    (fp_line (start -1.905 -1.331) (end -1.0541 -1.331) (layer F.CrtYd) (width 0.05))
    (fp_line (start -1.0541 -1.331) (end -1.0541 -1.7018) (layer F.CrtYd) (width 0.05))
    (fp_line (start -1.0541 -1.7018) (end 1.0541 -1.7018) (layer F.CrtYd) (width 0.05))
    (fp_line (start 1.0541 -1.7018) (end 1.0541 -1.331) (layer F.CrtYd) (width 0.05))
    (fp_line (start 1.0541 -1.331) (end 1.905 -1.331) (layer F.CrtYd) (width 0.05))
    (fp_line (start 1.905 -1.331) (end 1.905 1.331) (layer F.CrtYd) (width 0.05))
    (fp_line (start 1.905 1.331) (end 1.0541 1.331) (layer F.CrtYd) (width 0.05))
    (fp_line (start 1.0541 1.331) (end 1.0541 1.7018) (layer F.CrtYd) (width 0.05))
    (fp_line (start 1.0541 1.7018) (end -1.0541 1.7018) (layer F.CrtYd) (width 0.05))
    (fp_arc (start 0 -1.4478) (end -0.3048 -1.4478) (angle -180) (layer F.Fab) (width 0.1))
    (fp_text user * (at -1.53035 -2.601) (layer F.SilkS)
      (effects (font (size 1 1) (thickness 0.15)))
    )
    (fp_text user * (at -0.5461 -1.5088) (layer F.Fab)
      (effects (font (size 1 1) (thickness 0.15)))
    )
    (fp_text user 0.038in/0.952mm (at -1.27635 3.8608) (layer Cmts.User) hide
      (effects (font (size 1 1) (thickness 0.15)))
    )
    (fp_text user 0.1in/2.553mm (at 0 -3.8608) (layer Cmts.User) hide
      (effects (font (size 1 1) (thickness 0.15)))
    )
    (fp_text user 0.02in/0.508mm (at 4.32435 -0.95) (layer Cmts.User) hide
      (effects (font (size 1 1) (thickness 0.15)))
    )
    (fp_text user 0in/0mm (at -4.32435 0) (layer Cmts.User) hide
      (effects (font (size 1 1) (thickness 0.15)))
    )
    (fp_text user * (at -0.5461 -1.5088) (layer F.Fab)
      (effects (font (size 1 1) (thickness 0.15)))
    )
    (fp_text user * (at -1.53035 -2.601) (layer F.SilkS)
      (effects (font (size 1 1) (thickness 0.15)))
    )
    (fp_text user "Copyright 2021 Accelerated Designs. All rights reserved." (at 0 0) (layer Cmts.User) hide
      (effects (font (size 0.127 0.127) (thickness 0.002)))
    )
    (pad 5 smd rect (at 1.27635 -0.950001) (size 0.9525 0.508) (layers F.Cu F.Paste F.Mask)
      (net 23 +1V8))
    (pad 4 smd rect (at 1.27635 0.950001) (size 0.9525 0.508) (layers F.Cu F.Paste F.Mask)
      (net 22 "Net-(C2-Pad1)"))
    (pad 3 smd rect (at -1.27635 0.950001) (size 0.9525 0.508) (layers F.Cu F.Paste F.Mask)
      (net 32 "Net-(R5-Pad2)"))
    (pad 2 smd rect (at -1.27635 0) (size 0.9525 0.508) (layers F.Cu F.Paste F.Mask)
      (net 1 GND))
    (pad 1 smd rect (at -1.27635 -0.950001) (size 0.9525 0.508) (layers F.Cu F.Paste F.Mask)
      (net 9 +3V3))
    (model ${KIPRJMOD}/3d_models/TSOT-23-5_D5_MCH.step
      (at (xyz 0 0 0))
      (scale (xyz 1 1 1))
      (rotate (xyz 0 0 0))
    )
  )

  (module Resistor_SMD:R_0603_1608Metric_Pad0.98x0.95mm_HandSolder (layer B.Cu) (tedit 5F68FEEE) (tstamp 652FA7DF)
    (at 123.5456 101.346)
    (descr "Resistor SMD 0603 (1608 Metric), square (rectangular) end terminal, IPC_7351 nominal with elongated pad for handsoldering. (Body size source: IPC-SM-782 page 72, https://www.pcb-3d.com/wordpress/wp-content/uploads/ipc-sm-782a_amendment_1_and_2.pdf), generated with kicad-footprint-generator")
    (tags "resistor handsolder")
    (path /6538F2FC)
    (attr smd)
    (fp_text reference R7 (at 0 -1.4224) (layer B.SilkS)
      (effects (font (size 1 1) (thickness 0.15)) (justify mirror))
    )
    (fp_text value 10K (at 0 -1.43) (layer B.Fab)
      (effects (font (size 1 1) (thickness 0.15)) (justify mirror))
    )
    (fp_line (start 1.65 -0.73) (end -1.65 -0.73) (layer B.CrtYd) (width 0.05))
    (fp_line (start 1.65 0.73) (end 1.65 -0.73) (layer B.CrtYd) (width 0.05))
    (fp_line (start -1.65 0.73) (end 1.65 0.73) (layer B.CrtYd) (width 0.05))
    (fp_line (start -1.65 -0.73) (end -1.65 0.73) (layer B.CrtYd) (width 0.05))
    (fp_line (start -0.254724 -0.5225) (end 0.254724 -0.5225) (layer B.SilkS) (width 0.12))
    (fp_line (start -0.254724 0.5225) (end 0.254724 0.5225) (layer B.SilkS) (width 0.12))
    (fp_line (start 0.8 -0.4125) (end -0.8 -0.4125) (layer B.Fab) (width 0.1))
    (fp_line (start 0.8 0.4125) (end 0.8 -0.4125) (layer B.Fab) (width 0.1))
    (fp_line (start -0.8 0.4125) (end 0.8 0.4125) (layer B.Fab) (width 0.1))
    (fp_line (start -0.8 -0.4125) (end -0.8 0.4125) (layer B.Fab) (width 0.1))
    (fp_text user %R (at 0 0) (layer B.Fab)
      (effects (font (size 0.4 0.4) (thickness 0.06)) (justify mirror))
    )
    (pad 2 smd roundrect (at 0.9125 0) (size 0.975 0.95) (layers B.Cu B.Paste B.Mask) (roundrect_rratio 0.25)
      (net 30 "Net-(Q1-Pad2)"))
    (pad 1 smd roundrect (at -0.9125 0) (size 0.975 0.95) (layers B.Cu B.Paste B.Mask) (roundrect_rratio 0.25)
      (net 23 +1V8))
    (model ${KISYS3DMOD}/Resistor_SMD.3dshapes/R_0603_1608Metric.wrl
      (at (xyz 0 0 0))
      (scale (xyz 1 1 1))
      (rotate (xyz 0 0 0))
    )
  )

  (module Resistor_SMD:R_0603_1608Metric_Pad0.98x0.95mm_HandSolder (layer B.Cu) (tedit 5F68FEEE) (tstamp 652FA7CE)
    (at 116.2812 101.346 180)
    (descr "Resistor SMD 0603 (1608 Metric), square (rectangular) end terminal, IPC_7351 nominal with elongated pad for handsoldering. (Body size source: IPC-SM-782 page 72, https://www.pcb-3d.com/wordpress/wp-content/uploads/ipc-sm-782a_amendment_1_and_2.pdf), generated with kicad-footprint-generator")
    (tags "resistor handsolder")
    (path /6532F22D)
    (attr smd)
    (fp_text reference R6 (at 0.1524 -1.6256 180) (layer B.SilkS)
      (effects (font (size 1 1) (thickness 0.15)) (justify mirror))
    )
    (fp_text value 10K (at 0 -1.43 180) (layer B.Fab)
      (effects (font (size 1 1) (thickness 0.15)) (justify mirror))
    )
    (fp_line (start 1.65 -0.73) (end -1.65 -0.73) (layer B.CrtYd) (width 0.05))
    (fp_line (start 1.65 0.73) (end 1.65 -0.73) (layer B.CrtYd) (width 0.05))
    (fp_line (start -1.65 0.73) (end 1.65 0.73) (layer B.CrtYd) (width 0.05))
    (fp_line (start -1.65 -0.73) (end -1.65 0.73) (layer B.CrtYd) (width 0.05))
    (fp_line (start -0.254724 -0.5225) (end 0.254724 -0.5225) (layer B.SilkS) (width 0.12))
    (fp_line (start -0.254724 0.5225) (end 0.254724 0.5225) (layer B.SilkS) (width 0.12))
    (fp_line (start 0.8 -0.4125) (end -0.8 -0.4125) (layer B.Fab) (width 0.1))
    (fp_line (start 0.8 0.4125) (end 0.8 -0.4125) (layer B.Fab) (width 0.1))
    (fp_line (start -0.8 0.4125) (end 0.8 0.4125) (layer B.Fab) (width 0.1))
    (fp_line (start -0.8 -0.4125) (end -0.8 0.4125) (layer B.Fab) (width 0.1))
    (fp_text user %R (at 0 0 180) (layer B.Fab)
      (effects (font (size 0.4 0.4) (thickness 0.06)) (justify mirror))
    )
    (pad 2 smd roundrect (at 0.9125 0 180) (size 0.975 0.95) (layers B.Cu B.Paste B.Mask) (roundrect_rratio 0.25)
      (net 29 /CSI_GPIO_3V3))
    (pad 1 smd roundrect (at -0.9125 0 180) (size 0.975 0.95) (layers B.Cu B.Paste B.Mask) (roundrect_rratio 0.25)
      (net 9 +3V3))
    (model ${KISYS3DMOD}/Resistor_SMD.3dshapes/R_0603_1608Metric.wrl
      (at (xyz 0 0 0))
      (scale (xyz 1 1 1))
      (rotate (xyz 0 0 0))
    )
  )

  (module Package_TO_SOT_SMD:SOT-23 (layer B.Cu) (tedit 5A02FF57) (tstamp 652FA70C)
    (at 116.3828 98.7552 270)
    (descr "SOT-23, Standard")
    (tags SOT-23)
    (path /6530E1C6)
    (attr smd)
    (fp_text reference Q1 (at -2.3876 0 180) (layer B.SilkS)
      (effects (font (size 1 1) (thickness 0.15)) (justify mirror))
    )
    (fp_text value BSS138 (at 0 -2.5 90) (layer B.Fab)
      (effects (font (size 1 1) (thickness 0.15)) (justify mirror))
    )
    (fp_line (start 0.76 -1.58) (end -0.7 -1.58) (layer B.SilkS) (width 0.12))
    (fp_line (start 0.76 1.58) (end -1.4 1.58) (layer B.SilkS) (width 0.12))
    (fp_line (start -1.7 -1.75) (end -1.7 1.75) (layer B.CrtYd) (width 0.05))
    (fp_line (start 1.7 -1.75) (end -1.7 -1.75) (layer B.CrtYd) (width 0.05))
    (fp_line (start 1.7 1.75) (end 1.7 -1.75) (layer B.CrtYd) (width 0.05))
    (fp_line (start -1.7 1.75) (end 1.7 1.75) (layer B.CrtYd) (width 0.05))
    (fp_line (start 0.76 1.58) (end 0.76 0.65) (layer B.SilkS) (width 0.12))
    (fp_line (start 0.76 -1.58) (end 0.76 -0.65) (layer B.SilkS) (width 0.12))
    (fp_line (start -0.7 -1.52) (end 0.7 -1.52) (layer B.Fab) (width 0.1))
    (fp_line (start 0.7 1.52) (end 0.7 -1.52) (layer B.Fab) (width 0.1))
    (fp_line (start -0.7 0.95) (end -0.15 1.52) (layer B.Fab) (width 0.1))
    (fp_line (start -0.15 1.52) (end 0.7 1.52) (layer B.Fab) (width 0.1))
    (fp_line (start -0.7 0.95) (end -0.7 -1.5) (layer B.Fab) (width 0.1))
    (fp_text user %R (at 0 0 180) (layer B.Fab)
      (effects (font (size 0.5 0.5) (thickness 0.075)) (justify mirror))
    )
    (pad 3 smd rect (at 1 0 270) (size 0.9 0.8) (layers B.Cu B.Paste B.Mask)
      (net 29 /CSI_GPIO_3V3))
    (pad 2 smd rect (at -1 -0.95 270) (size 0.9 0.8) (layers B.Cu B.Paste B.Mask)
      (net 30 "Net-(Q1-Pad2)"))
    (pad 1 smd rect (at -1 0.95 270) (size 0.9 0.8) (layers B.Cu B.Paste B.Mask)
      (net 23 +1V8))
    (model ${KISYS3DMOD}/Package_TO_SOT_SMD.3dshapes/SOT-23.wrl
      (at (xyz 0 0 0))
      (scale (xyz 1 1 1))
      (rotate (xyz 0 0 0))
    )
  )

  (module Capacitor_SMD:C_0603_1608Metric_Pad1.08x0.95mm_HandSolder (layer B.Cu) (tedit 5F68FEEF) (tstamp 652FA585)
    (at 120.0912 101.346 180)
    (descr "Capacitor SMD 0603 (1608 Metric), square (rectangular) end terminal, IPC_7351 nominal with elongated pad for handsoldering. (Body size source: IPC-SM-782 page 76, https://www.pcb-3d.com/wordpress/wp-content/uploads/ipc-sm-782a_amendment_1_and_2.pdf), generated with kicad-footprint-generator")
    (tags "capacitor handsolder")
    (path /655210E0)
    (attr smd)
    (fp_text reference C5 (at 0 1.3208) (layer B.SilkS)
      (effects (font (size 1 1) (thickness 0.15)) (justify mirror))
    )
    (fp_text value 0.01uF (at 0 -1.43) (layer B.Fab)
      (effects (font (size 1 1) (thickness 0.15)) (justify mirror))
    )
    (fp_line (start 1.65 -0.73) (end -1.65 -0.73) (layer B.CrtYd) (width 0.05))
    (fp_line (start 1.65 0.73) (end 1.65 -0.73) (layer B.CrtYd) (width 0.05))
    (fp_line (start -1.65 0.73) (end 1.65 0.73) (layer B.CrtYd) (width 0.05))
    (fp_line (start -1.65 -0.73) (end -1.65 0.73) (layer B.CrtYd) (width 0.05))
    (fp_line (start -0.146267 -0.51) (end 0.146267 -0.51) (layer B.SilkS) (width 0.12))
    (fp_line (start -0.146267 0.51) (end 0.146267 0.51) (layer B.SilkS) (width 0.12))
    (fp_line (start 0.8 -0.4) (end -0.8 -0.4) (layer B.Fab) (width 0.1))
    (fp_line (start 0.8 0.4) (end 0.8 -0.4) (layer B.Fab) (width 0.1))
    (fp_line (start -0.8 0.4) (end 0.8 0.4) (layer B.Fab) (width 0.1))
    (fp_line (start -0.8 -0.4) (end -0.8 0.4) (layer B.Fab) (width 0.1))
    (fp_text user %R (at 0 0) (layer B.Fab)
      (effects (font (size 0.4 0.4) (thickness 0.06)) (justify mirror))
    )
    (pad 2 smd roundrect (at 0.8625 0 180) (size 1.075 0.95) (layers B.Cu B.Paste B.Mask) (roundrect_rratio 0.25)
      (net 1 GND))
    (pad 1 smd roundrect (at -0.8625 0 180) (size 1.075 0.95) (layers B.Cu B.Paste B.Mask) (roundrect_rratio 0.25)
      (net 23 +1V8))
    (model ${KISYS3DMOD}/Capacitor_SMD.3dshapes/C_0603_1608Metric.wrl
      (at (xyz 0 0 0))
      (scale (xyz 1 1 1))
      (rotate (xyz 0 0 0))
    )
  )

  (module footprints:PCA9306D (layer B.Cu) (tedit 0) (tstamp 652D75AA)
    (at 121.8692 91.0844)
    (path /652D6699)
    (fp_text reference U3 (at -4.9276 2.032) (layer B.SilkS)
      (effects (font (size 1 1) (thickness 0.15)) (justify mirror))
    )
    (fp_text value PCA9306D (at 0 0) (layer B.SilkS) hide
      (effects (font (size 1 1) (thickness 0.15)) (justify mirror))
    )
    (fp_line (start -1.9939 1.6637) (end -1.9939 2.1463) (layer B.Fab) (width 0.1))
    (fp_line (start -1.9939 2.1463) (end -3.0988 2.1463) (layer B.Fab) (width 0.1))
    (fp_line (start -3.0988 2.1463) (end -3.0988 1.6637) (layer B.Fab) (width 0.1))
    (fp_line (start -3.0988 1.6637) (end -1.9939 1.6637) (layer B.Fab) (width 0.1))
    (fp_line (start -1.9939 0.3937) (end -1.9939 0.8763) (layer B.Fab) (width 0.1))
    (fp_line (start -1.9939 0.8763) (end -3.0988 0.8763) (layer B.Fab) (width 0.1))
    (fp_line (start -3.0988 0.8763) (end -3.0988 0.3937) (layer B.Fab) (width 0.1))
    (fp_line (start -3.0988 0.3937) (end -1.9939 0.3937) (layer B.Fab) (width 0.1))
    (fp_line (start -1.9939 -0.8763) (end -1.9939 -0.3937) (layer B.Fab) (width 0.1))
    (fp_line (start -1.9939 -0.3937) (end -3.0988 -0.3937) (layer B.Fab) (width 0.1))
    (fp_line (start -3.0988 -0.3937) (end -3.0988 -0.8763) (layer B.Fab) (width 0.1))
    (fp_line (start -3.0988 -0.8763) (end -1.9939 -0.8763) (layer B.Fab) (width 0.1))
    (fp_line (start -1.9939 -2.1463) (end -1.9939 -1.6637) (layer B.Fab) (width 0.1))
    (fp_line (start -1.9939 -1.6637) (end -3.0988 -1.6637) (layer B.Fab) (width 0.1))
    (fp_line (start -3.0988 -1.6637) (end -3.0988 -2.1463) (layer B.Fab) (width 0.1))
    (fp_line (start -3.0988 -2.1463) (end -1.9939 -2.1463) (layer B.Fab) (width 0.1))
    (fp_line (start 1.9939 -1.6637) (end 1.9939 -2.1463) (layer B.Fab) (width 0.1))
    (fp_line (start 1.9939 -2.1463) (end 3.0988 -2.1463) (layer B.Fab) (width 0.1))
    (fp_line (start 3.0988 -2.1463) (end 3.0988 -1.6637) (layer B.Fab) (width 0.1))
    (fp_line (start 3.0988 -1.6637) (end 1.9939 -1.6637) (layer B.Fab) (width 0.1))
    (fp_line (start 1.9939 -0.3937) (end 1.9939 -0.8763) (layer B.Fab) (width 0.1))
    (fp_line (start 1.9939 -0.8763) (end 3.0988 -0.8763) (layer B.Fab) (width 0.1))
    (fp_line (start 3.0988 -0.8763) (end 3.0988 -0.3937) (layer B.Fab) (width 0.1))
    (fp_line (start 3.0988 -0.3937) (end 1.9939 -0.3937) (layer B.Fab) (width 0.1))
    (fp_line (start 1.9939 0.8763) (end 1.9939 0.3937) (layer B.Fab) (width 0.1))
    (fp_line (start 1.9939 0.3937) (end 3.0988 0.3937) (layer B.Fab) (width 0.1))
    (fp_line (start 3.0988 0.3937) (end 3.0988 0.8763) (layer B.Fab) (width 0.1))
    (fp_line (start 3.0988 0.8763) (end 1.9939 0.8763) (layer B.Fab) (width 0.1))
    (fp_line (start 1.9939 2.1463) (end 1.9939 1.6637) (layer B.Fab) (width 0.1))
    (fp_line (start 1.9939 1.6637) (end 3.0988 1.6637) (layer B.Fab) (width 0.1))
    (fp_line (start 3.0988 1.6637) (end 3.0988 2.1463) (layer B.Fab) (width 0.1))
    (fp_line (start 3.0988 2.1463) (end 1.9939 2.1463) (layer B.Fab) (width 0.1))
    (fp_line (start -2.1209 -2.6289) (end 2.1209 -2.6289) (layer B.SilkS) (width 0.12))
    (fp_line (start 2.1209 2.6289) (end -2.1209 2.6289) (layer B.SilkS) (width 0.12))
    (fp_line (start -1.9939 -2.5019) (end 1.9939 -2.5019) (layer B.Fab) (width 0.1))
    (fp_line (start 1.9939 -2.5019) (end 1.9939 2.5019) (layer B.Fab) (width 0.1))
    (fp_line (start 1.9939 2.5019) (end -1.9939 2.5019) (layer B.Fab) (width 0.1))
    (fp_line (start -1.9939 2.5019) (end -1.9939 -2.5019) (layer B.Fab) (width 0.1))
    (fp_line (start -3.7084 -2.4257) (end -3.7084 2.4257) (layer B.CrtYd) (width 0.05))
    (fp_line (start -3.7084 2.4257) (end -2.2479 2.4257) (layer B.CrtYd) (width 0.05))
    (fp_line (start -2.2479 2.4257) (end -2.2479 2.7559) (layer B.CrtYd) (width 0.05))
    (fp_line (start -2.2479 2.7559) (end 2.2479 2.7559) (layer B.CrtYd) (width 0.05))
    (fp_line (start 2.2479 2.7559) (end 2.2479 2.4257) (layer B.CrtYd) (width 0.05))
    (fp_line (start 2.2479 2.4257) (end 3.7084 2.4257) (layer B.CrtYd) (width 0.05))
    (fp_line (start 3.7084 2.4257) (end 3.7084 -2.4257) (layer B.CrtYd) (width 0.05))
    (fp_line (start 3.7084 -2.4257) (end 2.2479 -2.4257) (layer B.CrtYd) (width 0.05))
    (fp_line (start 2.2479 -2.4257) (end 2.2479 -2.7559) (layer B.CrtYd) (width 0.05))
    (fp_line (start 2.2479 -2.7559) (end -2.2479 -2.7559) (layer B.CrtYd) (width 0.05))
    (fp_line (start -2.2479 -2.7559) (end -2.2479 -2.4257) (layer B.CrtYd) (width 0.05))
    (fp_line (start -2.2479 -2.4257) (end -3.7084 -2.4257) (layer B.CrtYd) (width 0.05))
    (fp_arc (start 0 2.5019) (end -0.3048 2.5019) (angle 180) (layer B.Fab) (width 0.1))
    (fp_arc (start 0 2.5019) (end -0.332317 2.5019) (angle 180) (layer B.CrtYd) (width 0.05))
    (fp_text user * (at -1.6129 2.4257) (layer B.Fab)
      (effects (font (size 1 1) (thickness 0.15)) (justify mirror))
    )
    (fp_text user * (at -2.97815 3.0988) (layer B.SilkS)
      (effects (font (size 1 1) (thickness 0.15)) (justify mirror))
